00 00 00 00 00 00 00 00 00 00 00 00 00 00 00 00
00 00 00 00 00 00 00 00 00 00 00 00 00 00 00 00
00 00 00 00 00 00 00 00 00 00 00 00 00 00 00 00
00 00 00 00 00 00 00 00 00 00 00 00 00 00 00 00
00 00 00 00 00 00 00 00 00 00 00 00 00 00 00 00
00 00 00 00 00 00 00 00 00 00 00 00 00 00 00 00
00 00 00 00 00 00 00 00 00 00 00 00 00 00 00 00
00 00 00 00 00 00 00 00 00 00 00 00 00 00 00 00
00 00 00 00 00 00 00 00 00 00 00 00 00 00 00 00
17 22 40 00 00 00 00 00 20 00 00 00 00 00 00 00
9e 22 40 00 00 00 00 00 53 22 40 00 00 00 00 00
48 22 40 00 00 00 00 00 3c 23 40 00 00 00 00 00
f5 21 40 00 00 00 00 00 39 22 40 00 00 00 00 00
f5 21 40 00 00 00 00 00 4b 20 40 00 00 00 00 00
36 31 32 36 36 33 63 35 00 00 00 00 00 00 00 00
00 00 00 00 00 00 00 00 00 00 00 00 00 00 00 00
90 00 00 00 f0 00 00 00